10000191
10047322
10129628
10182834
10270977
10353241
10424269
10510051
10599833
10648684
10687834
10741006
10769833
10802392
10844443
10880885
10881245
10911961
10911969
10970528
11006981
11052187
11086128
11115167
11151750
11191944
11192127
11241925
11290200
11320864
11356987
11397693
11418610
11459044
11490871
11490887
11521174
11569632
11611856
11655498
11692281
11730347
11730558
11761287
11791629
11827953
11854213
11854365
11876551
11899305
11925234
11949780
11949836
11949842
11961189
11961265
11988057
12026080
12057908
12087463
12107794
12129014
12148429
12148446
12175474
12202271
12234411
12263230
12279602
12305779
12324956
12341842
12365513
12388259
12400678
12423462
12440554
12460396
12476348
12496375
12514242
12536096
12549762
12565338
12580905
12604638
12623647
12638200
12658237
12677667
12697737
12719282
12734592
12754249
12770285
12789060
12805176
12825806
12841818
12863430
12879364
12893472
12903819
12921094
12940769
12959540
12983245
12999204
13021151
13039479
13058568
13081506
13099444
13119510
13138100
13155173
13172904
13195443
13216670
13235985
13254432
13273364
13285313
13305167
13322175
13338889
13350798
13365579
13379475
13395729
13406044
13414033
13425926
13442340
13453706
13466807
13483815
13505129
13520245
13540408
13560489
13590550
13611977
13629276
13653423
13673801
13697985
13720631
13738188
13759206
13791425
13815793
13840966
13863252
13874119
13893955
13910582
13924475
13938600
13949763
13969565
13989596
14009072
14018764
14032746
14032789
14043093
14057253
14067217
14082338
14098871
14113631
14119384
14134832
14145903
14156197
14170892
14184595
14200370
14218252
14230752
14247318
14256490
14277111
14295124
14303549
14318559
14332247
14354917
14372198
14385580
14396298
14415400
14435294
14450303
14462552
14479623
14491296
14509552
14528775
14546193
14564767
14585269
14595916
14607697
14625852
14651792
14665112
14681182
14696133
14714971
14735759
14753198
14763361
14791264
14804284
14819185
14832409
14846396
14856465
14869161
14879625
14894731
14907043
14918859
14932095
14943991
14953812
14966718
14976632
14987787
15001158
15009784
15022248
15035965
15049534
15063874
15078006
15088128
15104738
15115150
15128052
15137416
15150485
15161668
15172564
15183740
15198574
15208056
15208171
15219401
15228130
15234943
15244868
15258702
15271878
15280326
15291629
15301715
15313632
15325213
15336415
15345771
15357821
15370325
15378139
15385688
15395930
15408556
15420015
15432647
15443904
15456049
15468537
15484169
15492935
15500265
15511468
15516398
15523690
15534850
15546414
15559301
15571823
15582338
15590909
15597308
15606083
15615397
15622006
15629996
15646079
15658272
15668981
15684623
15696919
15708311
15721287
15733528
15753727
15767032
15776723
15793667
15803578
15814198
15836276
15853800
15862000
15879129
15896637
15903691
15911920
15924508
15935367
15947997
15960251
15974268
15982974
15997964
16020192
16039751
16055265
16070681
16078848
16099141
16120083
16134595
16146257
16163843
16177138
16202823
16223951
16238686
16253083
16271569
16286961
16306012
16317999
16330063
16344097
16357380
16375291
16394935
16410197
16422704
16443250
16463439
16483885
16505344
16560316
16584662
16597182
16620255
16638751
16664306
16681937
16703955
16720379
16753460
16777557
16798239
16837316
16862148
16880053
16900164
16928807
16957707
16987137
17014557
17044902
17072695
17073597
17091058
17109222
17126331
17147465
17170699
17199824
17235192
17264742
17297283
17329467
17364105
17393091
17426680
17474424
17500178
17528394
17745169
17763045
17778944
17794256
17810464
17840808
17861034
17886919
17915729
17941894
17963398
17982519
17982520
18000746
18011836
18034695
18044201
18067206
18090275
18118627
18142773
18172200
18206252
18221209
18243247
18274966
18305818
18330682
18367793
18416632
18525601
18556957
18584550
18608791
18637446
18670283
18711658
18735402
18748125
18775288
18796063
18816597
18835610
18859688
18881460
18904405
18930662
18949964
18977496
19002025
19021480
19053189
19077674
19103522
19129270
19150982
19167476
19191575
19223002
19247035
19268908
19291826
19311328
19343602
19343639
19350415
19370253
19370308
19389150
19412415
19437255
19466934
19484231
19515345
19545355
19568215
19595731
19610629
19628736
19641763
19659941
19681283
19713198
19736202
19767927
19786378
19812708
19833814
19859648
19872296
19886189
19903277
19924768
19940560
19963070
19995312
20027047
20047381
20064506
20088338
20105164
20145283
20170020
20191334
20221541
20246033
20267949
20287957
20287983
20306015
20320157
20335335
20351597
20374189
20400375
20428244
20446957
20481752
20519905
20556892
20585696
20612472
20637949
20654278
20677354
20708944
20731136
20760133
20785137
20811118
20845721
20875363
20900839
20926173
20956437
20981068
21005001
21029853
21067406
21107960
21135475
21161323
21196962
21233198
21257337
21279656
21319245
21357294
21380456
21409065
21436444
21454096
21475827
21499660
21499725
21518383
21530242
21548368
21568451
21584802
21607149
21630436
21651968
21663622
21676549
21690109
21715981
21737703
21758623
21789214
21812261
21837640
21857717
21875904
21913428
21938681
21967843
21986676
22007939
22024985
22025192
22025787
22026084
22026212
22027747
22057045
22086144
22086197
22122357
22132998
22146913
22161927
22162343
22176723
22205981
22228385
22262439
22286043
22312262
22312529
22337310
22364635
22390917
22422002
22448507
22480243
22499605
22533762
22563046
22579039
22595648
22615901
22636902
22652643
22656126
22656461
22657655
22660636
22667734
22667950
22680078
22695823
22708390
22708660
22708768
22729547
22760286
22779549
22779646
22796961
22797421
22810370
22829904
22843307
22864554
22884750
22902868
22922144
22942218
22960098
22984417
23003291
23019648
23046778
23065424
23081505
23098837
23115052
23130843
23151814
23179977
23200868
23222488
23254818
23273654
23289378
23319718
23350678
23369042
23393339
23409537
23433840
23461511
23479312
23505278
23517202
23533687
23550396
23566902
23574638
23589536
23589774
23590198
23590371
23605787
23621152
23640435
23651434
23661233
23661516
23661575
23664880
23665184
23677568
23677964
23678023
23686061
23701943
23723881
23724081
23724149
23737408
23767479
23785885
23797581
23812837
23812967
23828649
23839705
23854415
23871223
23881491
23893999
23905220
23918029
23918173
23925402
23937675
23943917
23955003
23974861
23991680
24005903
24022454
24034609
24054332
24074300
24093156
24115626
24139987
24163945
24178946
24193893
24194018
24207774
24228462
24242106
24253290
24275169
24285273
24292182
24299366
24299610
24315067
24315195
24332870
24340370
24353483
24364743
24377133
24390999
24403557
24416667
24429830
24442530
24450513
24463446
24474212
24485565
24497562
24512374
24521935
24532471
24544658
24561050
24561107
24576851
24577457
24591206
24604639
24625543
24642877
24642907
24662989
24678213
24689833
24703003
24703020
24722056
24737547
24753728
24767068
24785459
24802018
24818847
24835935
24851496
24870292
24886621
24914664
24933900
24933994
24934090
24945690
24969568
24969609
24986369
24986489
25003275
25021047
25041278
25050601
25050685
25073851
25097720
25124730
25124735
25132469
25148062
25172389
25199476
25216982
25242356
25282697
25315789
25342731
25369178
25402018
25431137
25448202
25465659
25484175
25504783
25520947
25543635
25563213
25586763
25608589
25646756
25659100
25672890
25695540
25712155
25729443
25746564
25762710
25782509
25803891
25824661
25844877
25868641
25893164
25915662
25933787
25946831
25966708
25988384
26010542
26031635
26053563
26069803
26089281
26104506
26121909
26151294
26171715
26197552
26211228
26229249
26239210
26250154
26261993
26274263
26290251
26309243
26325130
26347081
26374163
26397374
26420630
26454523
26475213
26496443
26517259
26538761
26548525
26564561
26588416
26614441
26626038
26642313
26662600
26682475
26699737
26727106
26742920
26760954
26770482
26780641
26794578
26811723
26831556
26850142
26850280
26866802
26886173
26904928
26932640
26953136
26980430
26980432
26993835
27017007
27031327
27052620
27086189
27111592
27129736
27140243
27159794
27173991
27198675
27233445
27270460
27300182
27323761
27340955
27355533
27375767
27392373
27403794
27430573
27442765
27462890
27483038
27506341
27544197
27566303
27591649
27592254
27651906
27679080
27713994
27740097
27782202
27812193
27839881
27839963
27874605
27913573
27941217
27979397
28005445
28039436
28070912
28105749
28145438
28184554
28214777
28241357
28260505
28295953
28341862
28362626
28397757
28450293
28488866
28522294
28553590
28592901
28592945
28638191
28675224
28675337
28691874
28713001
28713130
28746590
28793952
28832045
28832046
28869730
28906446
28943181
28984395
29016171
29038879
29057762
29091262
29131707
29155408
29177097
29206174
29206188
29247235
29282611
29289506
29311574
29333980
29363905
29384325
29398682
29399246
29416329
29446967
29473766
29497103
29539393
29564362
29564430
29584780
29597857
29612913
29627022
29647212
29670064
29691626
29691690
29711284
29730073
29731253
29752560
29775934
29788726
29804365
29822049
29873524
29901211
29932756
29973742
30004712
30041847
30065104
30076805
30102076
30132479
30170803
30194128
30213135
30226765
30231598
30241526
30258932
30274072
30289240
30315424
30327981
30349096
30349919
30376496
30398152
30420499
30455766
30481803
30500617
30519630
30544330
30555353
30585199
30616019
30637303
30658882
30678639
30709515
30736016
30761265
30783299
30799060
30820882
30841821
30841857
30841986
30842130
30842810
30853169
30868763
30874838
30890908
30909077
30927325
30952129
30980998
31005957
31045265
31081318
31108417
31129687
31156516
31186546
31212795
31235591
31259021
31290324
31312001
31350295
31350348
31370855
31388430
31388601
31416028
31438202
31465996
31485076
31509408
31537887
31568032
31568277
31568282
31601900
31622200
31634104
31652842
31662532
31682075
31700064
31721489
31738069
31753999
31776918
31808224
31831613
31854004
31869030
31869091
31885488
31907239
31936479
31936579
31953947
31985160
32009954
32027031
32045981
32067891
32099473
32121826
32147176
32147181
32172979
32199328
32221791
32250640
32285294
32320329
32347653
32383354
32411883
32435355
32435401
32464443
32497574
32533968
32548357
32569766
32582712
32582781
32606834
32626545
32647065
32667630
32700722
32736297
32774076
32809172
32840089
32868797
32906029
32934298
32976848
33018177
33060907
33101482
33117509
33140691
33140846
33140933
33141066
33141119
33142508
33142512
33164785
33199034
33199153
33223918
33246879
33273340
33295895
33323720
33323756
33346075
33371197
33394384
33410469
33427827
33449700
33478369
33499094
33499921
33542566
33561040
33593950
33623638
33642835
33642921
33661025
33687674
33707847
33726503
33754133
33788950
33788951
33818210
33819339
33851612
33883466
33897660
33923280
33949682
33971822
33985770
33997121
34014751
34032462
34055214
34073256
34094489
34110366
34135125
34151229
34151275
34170625
34196640
34216772
34233566
34255455
34280340
34297932
34310608
34322915
34341287
34357190
34357193
34357194
34373945
34392728
34413145
34430588
34446655
34458507
34469867
34480058
34491881
34505498
34506718
34522061
34543283
34553973
34576804
34588373
34603363
34616694
34626970
34636043
34648869
34661950
34680889
34698229
34717156
34728951
34742542
34753834
34753853
34766297
34778831
34789621
34799315
34813471
34822930
34827366
34839948
34853341
34877216
34894055
34909652
34925470
34941180
34958335
34974777
34993260
35005940
35021067
35039729
35066005
35087309
35107689
35126714
35152267
35170034
35191508
35206777
35222787
35241427
35255969
35270388
35281982
35313214
35336523
35359346
35390618
35409833
35435283
35464770
35491131
35517769
35517819
35550830
35575765
35599097
35612158
35631910
35648601
35670938
35713244
35740642
35769592
35794683
35825417
35857962
35896060
35920777
35949519
35970432
35996491
36020413
36041716
36073983
36100229
36119808
36150362
36166884
36180985
36197553
36197640
36212973
36227560
36242357
36256923
36275679
36285522
36298906
36298929
36315267
36328583
36345410
36361987
36390080
36408126
36432830
36458272
36473131
36492584
36519021
36544385
36565378
36589954
36615615
36644708
36670150
36695838
36721799
36742667
36759403
36790976
36813896
36834470
36856194
36856324
36877680
36898328
36920227
36934199
36951634
36967863
36983911
37001989
37016051
37037861
37058678
37070318
37094319
37113923
37134765
37159598
37179710
37208931
37240927
37258896
37277679
37296187
37311233
37330145
37352249
37352713
37375133
37392398
37410708
37435141
37447416
37461208
37481628
37505553
37506314
37525525
37542593
37542605
37559490
37576150
37589881
37607079
37629296
37638586
37659817
37675868
37697708
37713641
37735957
37757856
37758756
37764097
37775195
37798156
37812018
37832869
37850559
37863480
37878076
37891965
37897416
37904397
37928344
37940140
37962018
37980469
37989622
38012729
38012799
38030455
38042711
38058651
38072163
38079397
38095160
38112780
38126449
38136544
38160290
38175507
38192304
38215101
38229138
38248966
38266971
38280290
38297291
38310943
38327296
38349978
38373893
38389016
38389110
38407094
38426871
38449085
38463010
38477556
38493777
38507755
38518545
38538711
38553568
38559997
38571163
38588085
38603416
38618193
38637607
38657166
38681005
38702651
38721432
38740001
38758088
38781286
38805908
38816811
38824235
38831324
38845956
38858935
38869409
38869575
38874580
38881110
38891049
38904401
38914197
38914254
38928085
38944856
38958122
38969410
38984659
38994189
39007874
39024504
39042674
39049336
39057152
39069639
39076782
39088093
39104539
39113900
39122604
39134519
39146718
39161718
39173491
39187382
39199119
39220096
39234315
39250377
39263400
39271859
39284194
39298294
39306504
39319392
39331306
39348993
39364128
39396635
39424044
39436388
39449310
39474321
39491491
39505930
39526778
39547245
39567027
39588000
39602231
39602258
39620280
39639773
39666955
39688062
39708097
39722473
39741010
39760380
39783671
39810873
39827710
39842824
39859279
39873075
39889179
39902575
39909380
39922060
39938500
39950040
39960549
39978035
39989810
40004485
40018061
40033305
40033307
40060543
40079132
40088045
40094215
40108193
40121749
40139275
40159959
40176564
40194128
40215318
40227854
40244206
40259185
40276600
40304293
40316145
40325947
40352637
40352658
40352757
40368704
40383669
40396028
40407608
40414069
40418903
40434118
40446071
40446321
40450717
40458834
40469386
40481451
40486801
40493202
40500826
40517041
40530989
40537645
40548058
40558383
40570029
40591301
40613827
40613840
40618608
40618614
40618775
40627274
40641740
40657915
40665479
40680570
40692725
40701277
40716540
40730183
40748476
40759310
40773142
40792336
40799368
40809277
40809354
40809614
40824875
40832230
40843135
40861730
40870600
40886246
40895179
40902388
40902389
40912838
40928921
40940004
40949319
40954100
40966001
40972191
40980953
40981229
40993581
41014638
41026715
41046482
41066916
41080933
41092348
41101979
41102017
41109593
41119284
41131043
41150691
41168783
41182966
41195669
41209214
41229960
41239050
41244037
41260241
41267987
41279879
41296178
41315953
41336952
41349369
41360983
41368192
41377564
41392949
41407105
41416697
41431710
41442831
41452266
41464754
41475412
41493632
41504187
41519863
41532766
41551455
41564064
41581737
41596877
41612933
41623450
41631920
41645306
41655984
41672349
41689566
41696530
41717694
41735101
41748893
41763584
41778030
41794315
41812146
41832718
41847809
41860806
41875371
41886640
41912984
41928997
41939530
41950516
41950538
41956994
41964348
41969595
41981766
41989037
41989086
42002337
42016878
42034155
42042556
42050677
42050790
42062205
42070121
42083939
42092803
42103006
42114158
42131654
42142513
42153734
42164107
42173210
42185557
42185601
42191929
42209625
42221904
42235667
42251846
42258428
42258919
42263232
42263254
42267500
42280816
42288466
42288818
42298157
42314897
42319709
42328809
42343951
42362679
42376666
42388384
42390340
42401712
42426863
42447023
42465685
42484859
42496410
42510438
42521921
42542242
42552872
42566067
42582398
42604716
42619973
42633617
42641794
42650499
42658582
42668320
42680853
42691590
42707554
42723634
42739282
42755009
42755192
42755456
42770001
42784892
42793450
42805915
42816476
42824791
42824818
42836356
42845899
42865662
42873463
42883775
42901061
42918120
42931864
42932028
42933245
42933264
42949704
42959930
42979980
42988334
43004161
43010227
43014788
43030219
43039785
43053960
43069049
43083542
43098205
43106375
43107407
43113048
43122055
43131997
43152480
43170261
43186346
43194575
43205367
43213764
43222418
43240131
43245370
43261371
43284681
43305400
43330471
43348481
43362753
43362875
43363051
43367468
43367566
43367579
43367923
43371957
43372259
43372382
43372400
43372490
43376145
43376153
43386012
43397210
43413570
43425740
43439125
43454405
43465265
43475419
43483511
43499236
43509185
43527234
43532100
43543148
43544629
43560968
43574595
43589905
43605691
43616050
43628469
43640229
43653960
43661696
43668676
43680103
43692316
43711848
43729935
43740910
43752987
43763180
43771412
43785755
43791530
43801825
43822680
43836630
43836693
43852654
43861643
43876466
43888805
43889462
43902225
43912975
43930123
43934928
43951162
43963121
43986073
44002857
44016693
44030536
44052243
44074540
44074543
44089910
44105564
44122338
44142376
44155960
44178419
44195771
44206583
44220374
44237855
44257175
44272187
44284176
44304560
44323691
44323707
44343361
44359793
44367117
44367198
44380943
44392295
44409477
44426731
44442470
44465682
44465791
44490617
44501844
44524852
44524868
44539132
44552355
44569566
44584889
44601583
44617869
44630962
44640166
44655456
44672519
44691543
44703120
44710502
44723384
44730705
44730707
44743152
44743156
44759290
44778342
44799526
44810898
44828077
44851102
44868225
44884890
44899766
44899772
44916847
44938295
44947745
44970523
44990721
45014152
45033076
45052723
45073185
45099272
45099414
45114512
45142560
45162673
45179299
45201395
45219125
45244106
45270170
45299495
45322719
45341408
45356801
45379168
45397769
45412091
45424620
45438730
45467227
45501026
45522359
45548057
45571504
45597520
45621676
45650502
45650520
45677681
45701528
45725624
45747519
45780054
45806150
45831943
45866451
45893298
45911481
45938440
45966600
45999213
46016742
46033457
46050137
46068514
46087045
46104671
46123978
46145107
46158476
46179886
46196664
46213816
46243359
46262451
46294658
46309661
46334049
46354507
46370302
46393414
46403677
46404063
46404066
46422825
46442660
46468440
46490511
46506097
46522434
46545286
46562089
46579093
46595195
46615931
46639014
46650272
46669269
46690551
46701180
46723407
46744834
46770077
46796713
46820967
46844757
46857379
46874311
46885938
46905466
46924233
46924255
46946172
46969448
46987554
47003926
47014845
47033173
47044936
47045359
47071153
47086455
47098304
47112044
47125740
47138452
47138488
47158306
47173686
47173693
47189882
47198368
47212245
47225153
47241982
47264866
47276370
47291541
47319406
47319465
47330528
47347353
47366317
47381702
47402522
47417498
47438036
47438069
47458201
47476447
47494659
47508903
47526822
47546418
47558965
47577030
47589411
47609561
47628951
47644807
47655015
47666335
47678169
47678172
47695445
47714236
47731150
47744037
47756636
47769733
47769911
47794744
47806732
47817923
47829008
47836401
47847925
47859436
47878488
47897505
47914937
47933914
47956270
47969679
47990712
48007835
48015099
48026388
48038222
48057226
48080701
48092103
48108626
48120531
48136313
48150125
48164267
48172385
48180807
48190507
48202086
48220784
48228841
48250302
48264919
48276120
48291587
48309426
48334675
48352946
48369070
48387460
48403560
48410969
48425322
48452134
48466897
48479528
48494795
48506000
48516028
48529252
48547479
48558195
48576107
48589151
48607222
48623218
48638966
48652438
48665388
48677220
48692021
48698071
48711079
48719931
48720194
48732637
48747968
48771973
48777352
48788292
48799456
48812550
48826346
48844545
48853215
48871971
48884359
48892437
48897945
48903890
48910487
48919156
48925276
48944397
48949578
48963270
48971519
48983162
48999994
49007431
49027700
49040148
49050703
49059255
49076919
49090555
49108775
49127248
49133909
49146732
49162574
49177782
49195810
49219464
49219505
49242620
49251223
49265789
49277454
49289744
49303353
49319546
49328713
49337819
49351141
49371022
49388761
49404715
49404794
49416729
49435748
49445671
49454955
49473945
49492823
49503254
49520345
49534714
49549611
49551560
49573961
49585450
49605546
49616510
49631170
49640348
49660703
49683440
49684457
49695605
49716084
49742956
49759209
49774032
49787912
49800450
49818510
49818773
49840023
49864500
49889193
49889234
49911837
49931520
49955081
49970915
49980145
49991658
50011604
50034244
50058342
50082619
50094584
50115785
50134444
50145855
50172481
50191157
50200836
50206762
50224649
50247831
50267371
50288314
50307187
50320454
50330675
50345552
50354688
50366742
50377202
50392119
50406517
50416302
50425019
50428296
50440877
50452449
50452456
50466379
50485309
50501127
50518891
50541270
50556084
50578006
50587347
50607273
50624064
50648232
50669000
50687263
50708876
50739069
50753837
50777044
50801007
50818489
50840501
50860788
50860820
50870310
50870375
50906518
50907120
50907151
50927628
50944413
50971036
50983246
51006433
51036580
51064466
51089362
51113018
51126080
51156224
51175966
51196738
51224711
51248602
51254340
51293464
51308674
51333067
51360982
51377521
51395161
51426245
51453165
51485180
51517625
51545532
51570998
51604918
51628983
51656810
51691324
51713228
51731024
51744187
51775359
51797698
51826561
51844839
51867275
51888721
51910467
51925655
51945009
51968370
51989115
52008386
52024702
52050370
52050887
52075672
52101246
52137213
52154782
52174089
52196284
52196310
52218704
52237241
52253934
52264459
52284884
52308612
52331525
52331705
52341853
52360088
52382077
52401157
52425498
52449850
52473288
52494309
52518866
52535681
52559388
52581568
52599121
52605728
52622529
52636631
52649661
52656373
52669910
52681727
52699619
52719631
52731663
52731665
52738986
52757098
52784490
52809099
52825537
52845451
52859279
52875514
52881992
52896561
52921379
52940572
52962492
52980419
52981036
52994741
53019652
53021413
53034113
53048531
53061118
53079103
53094195
53111139
53123545
53140922
53145969
53154224
53171034
53186429
53200787
53207097
53213500
53226981
53239524
53247951
53258541
53271902
53283099
53295705
53303620
53313790
53314597
53332847
53332859
53344054
53344089
53360999
53384041
53384675
53396844
53406975
53418974
53424397
53443038
53454351
53470851
53471293
53471571
53484948
53492962
53504008
53514110
53520824
53533576
53542740
53556317
53562393
53571768
53587281
53591140
53601610
53610925
53626975
53640921
53656089
53669299
53685303
53700606
53712185
53726506
53740279
53754048
53761488
53786206
53803203
53819819
53838911
53851085
53868243
53882484
53900259
53915650
53929814
53935125
53960004
53978970
54001187
54018802
54037114
54050874
54067499
54081780
54096617
54107498
54119944
54134894
54155921
54169387
54169780
54185618
54204501
54227264
54240033
54255804
54273843
54284177
54284292
54284471
54295816
54304198
54315305
54319952
54319953
54337627
54351632
54361687
54377635
54384590
54399271
54399930
54413422
54434651
54454749
54475979
54489973
54489976
54507976
54524370
54539498
54558527
54558549
54561007
54572437
54591647
54603461
54615785
54625455
54625520
54625718
54625925
54625952
54625981
54641513
54657910
54658547
54685205
54693248
54707598
54722424
54732143
54744644
54759156
54759437
54772446
54787872
54796684
54810790
54820951
54834568
54847807
54860225
54872178
54883210
54889950
54897876
54906490
54910598
54921337
54933024
54933073
54945438
54945476
54959039
54980598
54999650
55015355
55017242
55026986
55044420
55055458
55065364
55074744
55086552
55097681
55112590
55123418
55136345
55148739
55165160
55177185
55189443
55201208
55216370
55216411
55216450
55235655
55249204
55268317
55276430
55293014
55308314
55322000
55330250
55348017
55370174
55380833
55388538
55399671
55410174
55420810
55433808
55443530
55458935
55469950
55484188
55494333
55505708
55505987
55516736
55531565
55545615
55545618
55559089
55568094
55583604
55600292
55600745
55600877
55623218
55646903
55662523
55681583
55690262
55702246
55717736
55731077
55746308
55746380
55756826
55756848
55761426
55795321
55814845
55815074
55829865
55846706
55866333
55878392
55892467
55908083
55918544
55918567
55918654
55930011
55943905
55945088
55960845
55960864
55983089
56004857
56020565
56038788
56055321
56070868
56071125
56071133
56071408
56082725
56097228
56122222
56135701
56159634
56177761
56192659
56208100
56221967
56239525
56252607
56271968
56275503
56275659
56275891
56293390
56315229
56315463
56331322
56348028
56361338
56379453
56381290
56397702
56408291
56424849
56445149
56445174
56445405
56470537
56483091
56503163
56518019
56532126
56547083
56560504
56574221
56587821
56587937
56603545
56626464
56652650
56667878
56685529
56698482
56714904
56740371
56750474
56763948
56784875
56806798
56816074
56834263
56859105
56861767
56891286
56914645
56932214
56950916
56970022
56993144
57020821
57049686
57049691
57062768
57081205
57096517
57116226
57134847
57157024
57170385
57189722
57207902
57220591
57239974
57257190
57278453
57279418
57291159
57309947
57325401
57345561
57364159
57390044
57403084
57424421
57444790
57464528
57476450
57502427
57528643
57549616
57572268
57582639
57597763
57615069
57629002
57654568
57670873
57690833
57704176
57714040
57728710
57744850
57761016
57772924
57789785
57801657
57820797
57846856
57847463
57872635
57896541
57913838
57928169
57945280
57961127
57961134
57981681
57981743
58001323
58023726
58046828
58069343
58094631
58123175
58145560
58159883
58179604
58205012
58229998
58251326
58253675
58266015
58277667
58277922
58278014
58301300
58323405
58338094
58357629
58378328
58398424
58408970
58431348
58455402
58478069
58491514
58491818
58507927
58527229
58556286
58590673
58621722
58644199
58663395
58680920
58701954
58718772
58736794
58762084
58781725
58808465
58829823
58829850
58848262
58849904
58861672
58884430
58904762
58904770
58925730
58943045
58964660
58964665
58990913
59019598
59036731
59036889
59061210
59061953
59068201
59075193
59094814
59115707
59133719
59155172
59171618
59195381
59216980
59217013
59239550
59262401
59279773
59299305
59315149
59340283
59360235
59377030
59391422
59414465
59435982
59461154
59487271
59510111
59528683
59553385
59555086
59572762
59576233
59584403
59609682
59641122
59668291
59691772
59713087
59730964
59731478
59743833
59766188
59777377
59796921
59796923
59817642
59845261
59868664
59888243
59907476
59907500
59930823
59953156
59983761
60009407
60022949
60044025
60072074
60103700
60124967
60152704
60153363
60171585
60204986
60227135
60256312
60256588
60279437
60284785
60293984
60331504
60364085
60392628
60426379
60452678
60467549
60490703
60509919
60531804
60556853
60577915
60577941
60599867
60602167
60645263
60672402
60696534
60714006
60735311
60752110
60783975
60812601
60838175
60863437
60887116
60905642
60922230
60937828
60954047
60965784
60982914
61000587
61020272
61039823
61055686
61078358
61097539
61116771
61129271
61146328
61162124
61177596
61190666
61205817
61223337
61241351
61266296
61286767
61314167
61339518
61365747
61389264
61404395
61426939
61450898
61473608
61500991
61520185
61545489
61565064
61586666
61606544
61626331
61644004
61662892
61672914
61673325
61686477
61706567
61733667
61761670
61778029
61793779
61809166
61830170
61846962
61865989
61894937
61912690
61933612
61953945
61973623
61983633
62001754
62022631
62044533
62060918
62078940
62079006
62097926
62105075
62129411
62147958
62168473
62185560
62204932
62219718
62233378
62251197
62269217
62292284
62305281
62320420
62335515
62353498
62370825
62393391
62407610
62425726
62443078
62457581
62474770
62489444
62502890
62519474
62535729
62552073
62567285
62581650
62600114
62621773
62638513
62648527
62664852
62679940
62694255
62706097
62716430
62734999
62752560
62761752
62772012
62785312
62795805
62806795
62819558
62836281
62849883
62866514
62877487
62895208
62908525
62918327
62929043
62940529
62952945
62967957
62982751
62983166
62988299
63005244
63019327
63036015
63055004
63075369
63092022
63102579
63102628
63112093
63130610
63142214
63159142
63179121
63192378
63206171
63221366
63249392
63262784
63281148
63291328
63303098
63314341
63316080
63335449
63346400
63360214
63374582
63392008
63404641
63418348
63431641
63442536
63455484
63465306
63474647
63485072
63500769
63509572
63519820
63539698
63555457
63566830
63583361
63598948
63608213
63623095
63636419
63647560
63663954
63681041
63707210
63730428
63757290
63774580
63789829
63801452
63817793
63834121
63848286
63863101
63874321
63881784
63897652
63910445
63912445
63932390
63932401
63932415
63951296
63968599
63990679
64001892
64010580
64011260
64011284
64028537
64044413
64061359
64080280
64101056
64121026
8433424
8570941
8920715
8992260
9113837
9171396
9276625
9334289
9381328
9412297
9461778
9513136
9563188
9614273
9685826
9754871
9814294
9865216
9918236